70 3
8 6 9 
7 6 9 
6 9 
4 8 7 
10 4 7 
4 7 
10 4 7 6 9 3 5 
9 3 5 
8 6 9 3 5 
7 6 9 3 5 
6 9 3 5 
3 5 
4 7 6 9 3 5 
11 8 6 9 5 
11 8 6 9 5 13 
10 4 7 6 9 5 
10 4 7 6 9 5 13 
10 11 4 8 7 
9 5 
10 4 7 6 
8 6 9 5 
8 6 9 5 13 
10 4 8 7 
8 6 
7 6 9 5 
7 6 9 5 13 
11 7 8 
10 4 
7 8 
6 9 5 13 
11 8 
0 10 4 7 6 
0 10 4 8 7 
0 10 4 
0 10 4 7 
0 10 
0 10 4 7 6 9 3 5 
0 10 4 7 6 9 2 5 
13 12 
0 10 11 4 8 7 
10 4 7 6 9 5 13 12 
9 5 13 12 
8 6 9 5 13 12 
7 6 9 5 13 12 
6 9 5 13 12 
4 7 6 9 5 13 12 
3 13 12 
2 13 12 
1 0 10 4 7 6 9 5 13 12 
1 0 10 4 7 6 9 5 13 
2 13 
11 8 6 9 2 5 
10 4 7 6 9 2 5 
9 2 5 
8 6 9 2 5 
7 6 9 2 5 
6 9 2 5 
2 5 
2 3 
1 0 10 4 7 6 9 5 
0 10 4 7 6 9 5 13 12 
1 0 
1 0 10 4 7 6 
1 0 10 4 7 
1 0 10 4 7 6 9 
1 0 10 
1 0 10 4 7 6 9 3 5 
1 0 10 4 7 6 9 2 5 
0 10 4 7 6 9 5 
0 10 4 7 6 9 5 13 
